-0.46635,-0.10319,0.23362
-0.44791,-0.057913,0.16873
-0.43001,-0.028721,0.17025
-0.42222,-0.074564,0.20172
-0.41507,-0.0022636,0.3056
-0.41281,-0.036501,0.15518
-0.41266,-0.031001,0.29871
-0.4065,-0.10825,0.1716
-0.40034,-0.0638,0.21885
-0.40002,-0.14561,0.1798
-0.39997,0.0074841,0.26077
-0.39386,-0.055927,0.33395
-0.39174,-0.098603,0.21561
-0.3823,-0.058004,0.29888
-0.37554,-0.12403,0.31128
-0.37552,0.030183,0.27201
-0.37502,-0.0071233,0.30128
-0.37452,-0.00093863,0.13266
-0.37105,-0.0879,0.33267
-0.3706,0.090669,-0.24503
-0.36866,-0.015929,0.23536
-0.36459,-0.0062734,0.17779
-0.36348,-0.024086,-0.14846
-0.36302,0.13266,-0.25381
-0.3617,-0.093416,0.27918
-0.35879,0.058304,-0.24754
-0.35748,-0.038601,-0.081033
-0.35419,-0.14449,0.1417
-0.35411,0.016878,0.23596
-0.35391,0.016387,-0.077522
-0.35313,0.094576,-0.19994
-0.35225,-0.039033,0.19191
-0.35063,-0.037248,-0.19632
-0.34724,-0.023319,0.27381
-0.34348,0.036159,-0.14893
-0.34339,-0.039914,0.34659
-0.34278,0.10397,-0.2545
-0.34179,-0.094959,0.30698
-0.33934,-0.085628,-0.10841
-0.33751,0.14506,-0.21326
-0.33701,0.074073,-0.21719
-0.33582,-0.0053937,0.13882
-0.3357,-0.012614,-0.011915
-0.33456,-0.11117,0.14992
-0.33345,-0.056188,-0.032692
-0.33013,-0.096807,-0.15809
-0.33006,-0.070271,0.19436
-0.32697,0.038557,-0.20515
-0.3265,0.039999,-0.041705
-0.32506,0.05051,0.24006
-0.32492,-0.013599,-0.24302
-0.32459,-0.10398,0.18874
-0.3177,-0.10774,0.25672
-0.31752,0.00082316,0.27995
-0.31655,-0.087545,-0.22065
-0.31247,-0.053121,0.14299
-0.31009,0.14568,-0.24584
-0.30849,0.066843,-0.10894
-0.3076,0.037684,0.14894
-0.30626,-0.042498,0.3048
-0.30496,-0.023122,0.033063
-0.30474,0.036322,-0.23843
-0.30345,-0.067311,0.25992
-0.30097,0.041701,0.21645
-0.29889,-0.1071,-0.08942
-0.29711,0.051784,0.30799
-0.29529,0.034534,0.027126
-0.29434,-0.070446,0.0068401
-0.29386,0.013897,0.24211
-0.29326,0.038504,0.26608
-0.29277,0.0041305,0.29386
-0.29173,0.039432,0.18165
-0.29016,-0.091126,-0.026926
-0.28243,0.069599,-0.064443
-0.28131,-0.0056861,0.32938
-0.28058,0.11607,-0.11825
-0.2802,0.043102,-0.2481
-0.27978,-0.11336,0.27295
-0.27671,0.010997,0.062456
-0.27544,0.0021953,0.19498
-0.27529,0.060448,-0.0028338
-0.27515,-0.071728,-0.26599
-0.27325,0.11726,-0.20096
-0.27066,0.073186,-0.18881
-0.26976,-0.013508,0.25371
-0.26868,-0.10453,0.1539
-0.26691,0.10069,-0.18286
-0.26492,0.00055025,-0.27454
-0.26439,-0.12119,-0.21038
-0.26109,-0.06281,0.28335
-0.26071,-0.077224,0.16334
-0.25832,-0.18013,-0.27643
-0.25493,-0.11781,-0.11036
-0.25463,0.10745,-0.2341
-0.25458,-0.15022,-0.18181
-0.25378,0.075756,0.28004
-0.25343,-0.018225,0.15783
-0.25321,-0.19387,-0.19445
-0.25312,0.12497,-0.21296
-0.25078,0.11266,-0.088015
-0.24989,-0.12289,-0.15554
-0.24764,-0.2208,-0.22446
-0.24532,-0.044488,0.071753
-0.2443,-0.06757,0.31484
-0.24416,-0.078789,0.20091
-0.244,-0.0024174,0.094063
-0.24399,-0.087452,-0.00098529
-0.2439,-0.22972,-0.17332
-0.24204,-0.085615,0.23758
-0.2413,0.06581,0.057019
-0.24087,0.069821,0.31743
-0.23839,0.075139,0.13662
-0.23244,0.048438,0.16566
-0.2323,-0.10839,-0.25194
-0.22969,0.023358,0.33721
-0.22921,0.032973,0.19937
-0.22602,-0.039127,0.20693
-0.22467,0.067654,-0.032193
-0.22362,0.13694,-0.15893
-0.22275,-0.089383,0.26085
-0.22193,0.062083,0.22523
-0.22002,-0.023797,0.33134
-0.21983,0.078479,-0.23786
-0.21881,0.027304,0.11768
-0.21701,-0.10668,-0.062525
-0.2153,-0.22376,-0.2006
-0.21345,-0.070129,-0.27695
-0.20862,0.09031,0.21112
-0.2072,-0.21674,-0.25897
-0.20555,0.10486,0.24873
-0.20547,0.070629,-0.098889
-0.20226,-0.031021,-0.26541
-0.20159,0.10429,0.28392
-0.2008,0.033586,-0.27928
-0.1967,-0.14016,-0.097428
-0.19628,0.088659,0.31251
-0.19409,-0.052995,0.17519
-0.19287,0.078582,0.10669
-0.19262,0.050491,-0.066301
-0.19236,-0.084272,0.16239
-0.19173,-0.025895,0.12191
-0.18934,-0.11133,-0.24884
-0.18827,-0.012401,0.16119
-0.18659,-0.14412,-0.27623
-0.18624,-0.030549,0.23591
-0.18564,-0.19553,-0.16294
-0.18496,-0.061309,0.0643
-0.18312,-0.089723,-0.069279
-0.1815,0.10032,0.23501
-0.17865,-0.21372,-0.23495
-0.17735,-0.06633,0.011519
-0.1772,0.082155,0.14876
-0.17466,-0.057337,0.28843
-0.17181,0.096609,-0.12866
-0.17174,-0.14624,-0.14532
-0.17149,0.077489,0.013377
-0.16985,0.089595,0.3169
-0.1678,0.057675,0.33263
-0.16587,0.14243,0.34032
-0.16443,0.11263,0.16097
-0.16276,-0.041847,-0.0033721
-0.15963,0.026303,0.33905
-0.15873,-0.039752,0.3183
-0.15519,-0.18596,-0.15683
-0.15495,0.14953,-0.24138
-0.15431,0.13677,0.27975
-0.15003,0.024085,-0.091286
-0.14937,-0.175,-0.23668
-0.1486,-0.15712,-0.20697
-0.14678,0.14176,-0.27846
-0.14589,0.014472,-0.049387
-0.14579,0.13395,0.2134
-0.14517,0.13193,0.24429
-0.14452,-0.015655,-0.074214
-0.13874,-0.00053658,0.32362
-0.13852,-0.20717,-0.259
-0.13814,0.057606,0.39307
-0.13802,0.096225,-0.27723
-0.13513,0.12898,0.30826
-0.13467,-0.052534,0.16217
-0.13437,-0.043478,0.073001
-0.13212,0.098264,-0.18002
-0.13172,0.13521,-0.21023
-0.13105,-0.033952,0.14732
-0.13057,0.0089096,0.0095941
-0.13027,0.072443,0.35345
-0.13,-0.048885,0.26306
-0.12867,0.077954,-0.26856
-0.12765,0.10839,0.15454
-0.12583,0.088808,-0.12239
-0.12535,0.034964,0.3689
-0.12482,-0.043682,0.2307
-0.12343,0.075086,0.31465
-0.12324,0.090642,0.071009
-0.12241,0.024785,0.32543
-0.12024,-0.056332,-0.087131
-0.11848,0.14145,0.1683
-0.11598,-0.17167,-0.18731
-0.11252,0.15057,0.21212
-0.11153,0.028621,0.0067272
-0.11152,0.098442,0.29128
-0.10864,0.018144,-0.26213
-0.10825,0.16105,-0.27769
-0.10407,-0.091785,-0.12073
-0.103,-0.13598,-0.14122
-0.10199,0.021469,-0.062475
-0.10027,-0.09969,-0.24781
-0.099221,0.15414,0.29597
-0.093246,0.070151,0.42603
-0.091924,0.05494,0.30488
-0.091807,0.0040079,-0.073469
-0.090927,-0.034916,0.1745
-0.089774,-0.01089,0.093912
-0.086241,0.12164,0.27592
-0.085899,-0.023652,0.3637
-0.083573,0.013752,0.29456
-0.082515,0.058902,-0.2793
-0.081683,0.11009,-0.27875
-0.081518,-0.06172,-0.27943
-0.080969,0.086326,-0.082674
-0.080593,0.031023,0.080801
-0.080015,0.14463,-0.18323
-0.079195,0.12121,0.18339
-0.078564,-0.13149,-0.27738
-0.075968,0.11103,-0.17608
-0.07562,0.048604,0.06001
-0.072799,-0.007156,0.35482
-0.070744,0.090319,0.143
-0.069796,0.091586,0.20805
-0.069267,0.16208,0.26224
-0.068237,-0.03235,0.22423
-0.066778,-0.021287,0.31058
-0.066753,0.082162,0.32838
-0.063715,0.035105,0.041876
-0.063052,0.093815,-0.24139
-0.062816,0.002589,0.16225
-0.05964,0.15604,-0.22993
-0.059331,0.13798,-0.12994
-0.05867,0.15779,0.30827
-0.056634,0.16782,0.18989
-0.055077,0.1271,-0.25206
-0.054847,0.018851,0.22331
-0.054249,0.016847,-0.0061938
-0.053688,-0.05962,-0.076475
-0.050828,0.071919,0.25416
-0.050636,0.082188,0.36943
-0.04919,0.060959,0.12258
-0.049062,-0.091226,-0.18166
-0.048682,0.09829,-0.05094
-0.048525,0.057092,0.34959
-0.048348,-0.021339,0.19067
-0.047136,0.055406,0.20067
-0.046989,-0.015745,0.26723
-0.046685,-0.027461,-0.031957
-0.04633,0.053024,0.011111
-0.042898,0.11281,-0.082376
-0.037519,0.16333,0.25391
-0.037003,-0.070024,-0.25504
-0.035813,0.075031,0.18726
-0.034337,0.12849,-0.21064
-0.03368,-0.13424,-0.19604
-0.030578,-0.076215,-0.1046
-0.030441,-0.13398,-0.21989
-0.029754,-0.16579,-0.27608
-0.027846,0.020455,-0.27122
-0.026016,0.016322,0.26973
-0.023339,0.050686,0.11361
-0.022748,-0.16254,-0.23919
-0.022672,-0.00032966,0.2192
-0.020966,0.029765,0.080861
-0.018511,0.05163,-0.2478
-0.013153,0.10144,-0.17894
-0.012073,-0.11918,-0.16744
-0.0096827,-0.050786,-0.027809
-0.0049626,-0.092875,-0.278
-0.0047217,0.11497,0.0032455
-0.0018474,-0.071692,-0.099068
0.0048462,-0.032181,0.045189
0.0063834,0.11312,-0.11659
0.0097051,-0.1456,-0.25843
0.010934,0.11304,0.37018
0.011113,0.12247,-0.050771
0.012416,0.066649,0.12598
0.01257,-0.066804,-0.1746
0.015268,0.11144,0.066155
0.01527,-0.002119,-0.2272
0.017091,0.0012823,0.30758
0.017369,-0.01429,0.097235
0.021824,-0.12275,-0.21163
0.024111,0.014734,0.2448
0.033666,0.036044,0.15857
0.036796,-0.028057,-0.18336
0.037474,0.096778,0.39248
0.038438,-0.047744,0.01597
0.039772,0.046495,-0.18094
0.04058,-0.054544,-0.10174
0.043709,0.11463,0.40396
0.046568,0.080704,-0.13839
0.04723,0.11437,0.11599
0.051807,0.062632,0.21708
0.054002,-0.032488,0.096415
0.065798,0.029974,-0.13984
0.068923,-0.039746,-0.023407
0.069024,0.099576,-0.067677
0.072607,0.10584,0.16048
0.074859,0.12112,-0.0075105
0.074866,-0.15696,-0.26469
0.077745,0.060831,0.20711
0.079053,-0.0086932,-0.089412
0.080114,-0.020393,0.15082
0.080769,0.1278,0.075581
0.088203,0.040538,0.1995
0.097352,0.038618,-0.069219
0.099242,-0.09119,-0.21644
0.099578,-0.1267,-0.24
0.10565,-0.15764,-0.21804
0.10663,-0.050945,-0.25242
0.10944,-0.028813,0.067683
0.1126,-0.088493,-0.24851
0.11372,0.006969,0.011915
0.11382,0.037985,-0.19559
0.11761,0.01011,0.20404
0.12426,0.063329,0.0027808
0.12815,-0.031299,-0.15312
0.12904,-0.16063,-0.25754
0.12972,0.058455,-0.096224
0.13271,0.058538,0.22791
0.13365,0.085676,0.21439
0.13638,0.10098,-0.16792
0.13742,-0.022193,-0.19982
0.13796,0.025774,-0.2532
0.14074,0.12242,0.092196
0.1455,-0.076086,-0.22027
0.14782,-0.028456,0.11708
0.14821,0.091495,0.057167
0.14821,0.099787,-0.09567
0.14965,0.0005355,-0.097079
0.15281,0.093088,-0.22091
0.15426,0.1311,0.16852
0.15673,-0.10183,-0.18187
0.15884,0.010439,0.073513
0.16811,0.1472,-0.19609
0.17092,0.0031278,-0.28117
0.17218,-0.017636,0.19055
0.17341,-0.03451,-0.13019
0.17422,-0.062723,-0.24448
0.1754,0.037543,-0.020761
0.1795,0.076225,-0.2606
0.18254,-0.12963,-0.2263
0.18254,0.12666,-0.12314
0.18349,0.062921,0.062751
0.18359,0.1218,-0.19689
0.18809,0.060523,0.25045
0.18811,-0.048036,-0.27983
0.18828,-0.14298,-0.2395
0.19128,0.03984,0.22575
0.19572,-0.0066704,-0.032847
0.19707,0.12289,-0.16097
0.19735,-0.083239,-0.26044
0.19976,0.16215,-0.17043
0.20032,0.19048,-0.19353
0.2014,0.17464,-0.2348
0.20799,0.093714,-0.00023935
0.20966,0.063402,0.034515
0.21147,0.19853,-0.26965
0.21271,0.053137,-0.28093
0.21316,0.12427,-0.053389
0.21577,0.11394,0.097852
0.21623,-0.12891,-0.092953
0.21651,-0.010798,-0.26435
0.21763,-0.13375,-0.045689
0.2191,-0.028559,0.12405
0.21938,-0.026217,-0.083989
0.22072,-0.14848,-0.11363
0.22209,0.0021881,0.052636
0.22232,0.086394,0.2199
0.22452,-0.14204,-0.22777
0.22477,-0.098152,-0.025102
0.22756,-0.17285,-0.10621
0.23158,-0.069226,-0.15642
0.23445,0.00073175,0.20449
0.23563,-0.10352,-0.089626
0.23589,-0.17124,-0.26635
0.23822,0.15207,-0.20365
0.23893,-0.026891,0.025408
0.24071,-0.067427,0.015774
0.24148,-0.08893,0.05015
0.24376,0.14468,-0.24185
0.24406,-0.17969,-0.15981
0.24474,-0.025832,0.16552
0.24486,0.19488,-0.23611
0.24931,0.12266,-0.097361
0.25072,-0.19389,-0.085335
0.25363,0.058411,0.24573
0.2542,0.11821,0.17953
0.25431,-0.16417,-0.026697
0.25498,-0.013683,-0.12019
0.25771,0.12601,-0.17348
0.26076,-0.033342,-0.26187
0.26105,-0.1464,-0.17778
0.26117,-0.12865,-0.18866
0.26127,-0.032224,0.091222
0.26307,0.12305,0.043857
0.26418,0.040965,0.21277
0.26656,0.083005,-0.23448
0.2675,0.12685,0.12062
0.27199,-0.10828,-0.009342
0.27258,0.12362,-0.031977
0.27283,-0.033449,-0.0052469
0.27314,-0.12529,-0.11739
0.27456,-0.0057541,-0.26858
0.27565,0.089694,-0.11113
0.27668,0.11543,-0.23048
0.27828,-0.18369,-0.098728
0.27867,0.024293,-0.28046
0.28075,-0.11955,-0.27714
0.28393,0.13497,-0.2038
0.28972,-0.013581,-0.15184
0.29336,-0.16357,-0.10788
0.29485,-0.15381,-0.054287
0.29541,-0.15551,-0.23217
0.29589,0.021146,-0.17592
0.29614,-0.0028361,0.17654
0.30175,0.079144,0.18788
0.30233,0.014066,-0.093442
0.30258,-0.09874,-0.27047
0.30418,0.089415,-0.15764
0.31253,0.076308,-0.060276
0.31389,0.0023555,-0.046994
0.32038,-0.046008,-0.15158
0.32067,0.050904,0.20599
0.32193,-0.14028,-0.16015
0.32328,0.11083,0.11101
0.32495,-0.021824,0.099972
0.32565,0.065967,-0.27053
0.32624,0.097634,-0.018156
0.32867,-0.020215,0.024006
0.33005,-0.0036254,-0.27278
0.3349,0.05899,-0.20259
0.33657,0.02785,0.15948
0.33683,-0.023097,-0.1885
0.33903,0.10521,0.045305
0.33985,-0.087465,-0.26858
0.34371,-0.15941,-0.23644
0.34419,0.0095323,-0.053512
0.34934,-0.12456,-0.27748
0.35362,0.046107,-0.0042427
0.35608,0.047871,0.15973
0.35962,0.015257,0.026373
0.36264,-0.053594,-0.16544
0.36395,0.056265,-0.24049
0.36481,-0.058339,-0.10909
0.36586,-0.16133,-0.16156
0.36658,0.062311,-0.27475
0.36679,-0.13076,-0.11273
0.36919,-0.081664,-0.27896
0.37076,-0.015828,-0.044031
0.37405,0.04627,0.11919
0.37442,0.051649,0.08566
0.37672,0.032144,0.010996
0.37706,-0.046534,-0.27081
0.38168,-0.0016727,-0.18107
0.38311,-0.060009,-0.042095
0.38367,0.006375,0.075442
0.38419,0.021706,-0.22653
0.39788,-0.13664,-0.2421
0.40218,-0.14826,-0.12099
0.40338,-0.036174,0.027403
0.40538,0.03694,0.15373
0.40633,-0.016439,-0.27518
0.40738,-0.0974,-0.24322
0.40836,0.001221,0.11835
0.41115,-0.093983,-0.03321
0.41269,-0.0013456,0.16624
0.41365,0.053102,0.051414
0.41376,-0.1576,-0.19654
0.41493,-0.045975,-0.22985
0.41545,0.0060483,-0.25902
0.41775,0.061132,0.080008
0.42078,0.0025076,-0.055658
0.42294,-0.037502,-0.20824
0.42786,0.0096243,0.061071
0.4301,-0.029748,-0.12169
0.43724,-0.076254,-0.19649
0.43977,0.052655,0.11624
0.44638,-0.13255,-0.12544
0.44664,-0.0122,0.011524
0.45047,-0.11566,-0.17686
0.45066,-0.06514,-0.023299
0.45345,-0.013049,-0.050987
0.45399,-0.013777,0.16085
0.45402,2.7738e-06,0.19837
0.46109,-0.047537,-0.10508
0.46827,-0.066316,-0.071411
0.4717,0.013686,0.061163
0.48085,0.034857,0.12424
0.48369,0.0078504,0.092613
0.48749,-0.0076402,0.13987
0.52294,-0.013922,0.19049
0.53365,0.0023162,0.12338
